100
1 2 3872
2 3 2287
2 4 2427
2 5 7759
1 6 2695
5 7 9472
6 8 1299
1 9 4637
8 10 2386
4 11 4623
10 12 5610
5 13 891
2 14 143
5 15 3363
14 16 3490
1 17 6588
14 18 2877
13 19 68
3 20 1702
17 21 700
21 22 5439
11 23 7487
22 24 2996
13 25 8201
23 26 7510
23 27 2657
26 28 5831
5 29 9863
16 30 8873
2 31 9729
26 32 2441
21 33 9723
15 34 7895
4 35 6972
1 36 320
26 37 344
8 38 4194
31 39 2494
37 40 6304
6 41 5273
3 42 6221
39 43 3284
19 44 7827
35 45 727
30 46 9076
4 47 5413
27 48 3123
25 49 3184
12 50 7628
47 51 3317
22 52 4178
31 53 3704
38 54 7842
7 55 8263
50 56 5947
15 57 4310
3 58 7816
22 59 569
21 60 3444
51 61 8693
36 62 1749
56 63 6738
4 64 5591
2 65 4944
20 66 6428
55 67 1165
57 68 8272
37 69 1679
6 70 121
67 71 6609
69 72 9827
58 73 8233
36 74 1216
35 75 5988
30 76 95
7 77 9881
53 78 5136
8 79 5770
76 80 2890
69 81 295
74 82 5325
56 83 2625
77 84 9031
47 85 6060
9 86 6947
76 87 1569
49 88 6291
42 89 767
30 90 4953
49 91 4868
84 92 4137
88 93 9593
7 94 4069
84 95 6349
36 96 2428
24 97 8979
77 98 806
6 99 7700
54 100 2258
99
4 11 19 18 98
2 66 55
1 45
9 78 12 60 36 43 91 38 98 59
7 10 43 90 82 9 45 35
7 3 45 89 84 99 91 24
8 35 93 22 80 91 66 74 79
5 43 25 32 15 45
4 58 91 59 20
10 33 77 39 83 79 67 2 28 70 49
7 82 14 4 30 26 61 70
2 16 46
1 26
2 92 91
8 86 92 77 56 60 33 27 84
8 74 62 20 64 73 21 87 60
6 71 50 32 81 56 31
2 95 54
1 59
9 13 31 89 77 30 6 98 38 48
8 49 47 99 93 8 53 98 50
4 13 18 83 71
5 38 45 29 51 20
5 95 64 41 18 40
10 9 2 33 69 65 83 39 19 94 96
6 12 5 68 20 74 81
3 45 75 7
3 16 29 88
3 75 21 55
8 100 59 31 84 4 32 18 14
10 70 84 97 82 44 32 69 80 42 9
4 40 49 17 67
10 35 98 46 36 18 40 55 88 57 3
8 40 85 37 44 77 51 49 29
4 38 37 41 72
2 81 20
1 60
8 88 34 29 73 17 92 89 65
2 91 100
9 99 72 36 56 29 34 19 51 83
10 93 57 35 56 49 91 75 95 47 27
3 72 76 24
7 15 66 82 35 59 34 86
9 69 38 100 72 26 85 79 11 51
3 17 20 66
2 89 74
7 53 61 28 44 62 38 59
7 70 18 5 22 55 69 42
5 34 85 6 63 3
6 65 27 31 97 14 17
6 99 8 44 33 58 28
2 44 98
9 91 89 79 26 80 19 77 85 55
10 32 73 26 43 13 98 97 35 16 67
8 99 8 13 100 18 81 20 36
9 78 64 50 57 18 2 74 29 6
2 87 92
1 57
6 21 35 97 23 90 25
3 35 61 98
4 52 86 62 82
6 11 23 30 8 68 34
8 58 13 21 49 60 87 47 90
4 64 76 49 44
8 22 74 41 25 55 100 79 14
6 36 56 85 55 48 37
2 44 77
9 81 78 86 89 77 33 75 93 3
8 51 32 77 46 45 43 41 22
3 42 85 37
2 64 45
5 5 39 24 9 25
7 71 21 55 42 24 31 92
1 24
4 6 18 41 87
2 64 49
2 18 14
10 24 93 75 92 49 45 60 87 53 34
3 44 5 94
3 87 81 39
1 52
4 75 59 91 95
5 22 64 61 69 98
10 84 2 50 28 30 13 44 49 87 86
7 99 10 80 63 94 67 49
2 21 3
9 59 21 96 32 18 7 36 6 45
6 11 53 100 46 81 31
4 27 39 90 86
3 61 40 44
9 19 38 21 67 32 89 85 33 43
5 47 19 90 49 29
8 63 45 77 69 11 26 100 40
3 79 98 62
8 67 57 41 31 93 90 44 34
6 22 74 59 56 77 63
5 84 85 47 77 22
7 36 33 52 15 18 41 40
2 96 57
